 Velocidad(m/s)            Velocidad/c          Masa(kg)

         0.00000            0.00000             1.00000
   1000000.00000            0.00333             1.00001
   2000000.00000            0.00667             1.00002
   3000000.00000            0.01000             1.00005
   4000000.00000            0.01333             1.00009
   5000000.00000            0.01667             1.00014
   6000000.00000            0.02000             1.00020
   7000000.00000            0.02333             1.00027
   8000000.00000            0.02667             1.00036
   9000000.00000            0.03000             1.00045
  10000000.00000            0.03333             1.00056
  11000000.00000            0.03667             1.00067
  12000000.00000            0.04000             1.00080
  13000000.00000            0.04333             1.00094
  14000000.00000            0.04667             1.00109
  15000000.00000            0.05000             1.00125
  16000000.00000            0.05333             1.00143
  17000000.00000            0.05667             1.00161
  18000000.00000            0.06000             1.00180
  19000000.00000            0.06333             1.00201
  20000000.00000            0.06667             1.00223
  21000000.00000            0.07000             1.00246
  22000000.00000            0.07333             1.00270
  23000000.00000            0.07667             1.00295
  24000000.00000            0.08000             1.00322
  25000000.00000            0.08333             1.00349
  26000000.00000            0.08667             1.00378
  27000000.00000            0.09000             1.00407
  28000000.00000            0.09333             1.00438
  29000000.00000            0.09667             1.00471
  30000000.00000            0.10000             1.00504
  31000000.00000            0.10333             1.00538
  32000000.00000            0.10667             1.00574
  33000000.00000            0.11000             1.00611
  34000000.00000            0.11333             1.00648
  35000000.00000            0.11667             1.00688
  36000000.00000            0.12000             1.00728
  37000000.00000            0.12333             1.00769
  38000000.00000            0.12667             1.00812
  39000000.00000            0.13000             1.00856
  40000000.00000            0.13333             1.00901
  41000000.00000            0.13667             1.00947
  42000000.00000            0.14000             1.00995
  43000000.00000            0.14333             1.01043
  44000000.00000            0.14667             1.01093
  45000000.00000            0.15000             1.01144
  46000000.00000            0.15333             1.01197
  47000000.00000            0.15667             1.01250
  48000000.00000            0.16000             1.01305
  49000000.00000            0.16333             1.01361
  50000000.00000            0.16667             1.01419
  51000000.00000            0.17000             1.01477
  52000000.00000            0.17333             1.01537
  53000000.00000            0.17667             1.01598
  54000000.00000            0.18000             1.01660
  55000000.00000            0.18333             1.01724
  56000000.00000            0.18667             1.01789
  57000000.00000            0.19000             1.01855
  58000000.00000            0.19333             1.01923
  59000000.00000            0.19667             1.01992
  60000000.00000            0.20000             1.02062
  61000000.00000            0.20333             1.02134
  62000000.00000            0.20667             1.02206
  63000000.00000            0.21000             1.02281
  64000000.00000            0.21333             1.02356
  65000000.00000            0.21667             1.02433
  66000000.00000            0.22000             1.02512
  67000000.00000            0.22333             1.02591
  68000000.00000            0.22667             1.02672
  69000000.00000            0.23000             1.02755
  70000000.00000            0.23333             1.02839
  71000000.00000            0.23667             1.02924
  72000000.00000            0.24000             1.03011
  73000000.00000            0.24333             1.03099
  74000000.00000            0.24667             1.03188
  75000000.00000            0.25000             1.03280
  76000000.00000            0.25333             1.03372
  77000000.00000            0.25667             1.03466
  78000000.00000            0.26000             1.03562
  79000000.00000            0.26333             1.03659
  80000000.00000            0.26667             1.03757
  81000000.00000            0.27000             1.03857
  82000000.00000            0.27333             1.03959
  83000000.00000            0.27667             1.04062
  84000000.00000            0.28000             1.04167
  85000000.00000            0.28333             1.04273
  86000000.00000            0.28667             1.04381
  87000000.00000            0.29000             1.04490
  88000000.00000            0.29333             1.04601
  89000000.00000            0.29667             1.04714
  90000000.00000            0.30000             1.04828
  91000000.00000            0.30333             1.04945
  92000000.00000            0.30667             1.05062
  93000000.00000            0.31000             1.05182
  94000000.00000            0.31333             1.05303
  95000000.00000            0.31667             1.05426
  96000000.00000            0.32000             1.05550
  97000000.00000            0.32333             1.05676
  98000000.00000            0.32667             1.05804
  99000000.00000            0.33000             1.05934
 100000000.00000            0.33333             1.06066
 101000000.00000            0.33667             1.06200
 102000000.00000            0.34000             1.06335
 103000000.00000            0.34333             1.06472
 104000000.00000            0.34667             1.06611
 105000000.00000            0.35000             1.06752
 106000000.00000            0.35333             1.06895
 107000000.00000            0.35667             1.07040
 108000000.00000            0.36000             1.07187
 109000000.00000            0.36333             1.07335
 110000000.00000            0.36667             1.07486
 111000000.00000            0.37000             1.07639
 112000000.00000            0.37333             1.07794
 113000000.00000            0.37667             1.07951
 114000000.00000            0.38000             1.08110
 115000000.00000            0.38333             1.08271
 116000000.00000            0.38667             1.08434
 117000000.00000            0.39000             1.08599
 118000000.00000            0.39333             1.08767
 119000000.00000            0.39667             1.08937
 120000000.00000            0.40000             1.09109
 121000000.00000            0.40333             1.09283
 122000000.00000            0.40667             1.09460
 123000000.00000            0.41000             1.09639
 124000000.00000            0.41333             1.09820
 125000000.00000            0.41667             1.10004
 126000000.00000            0.42000             1.10190
 127000000.00000            0.42333             1.10378
 128000000.00000            0.42667             1.10569
 129000000.00000            0.43000             1.10763
 130000000.00000            0.43333             1.10959
 131000000.00000            0.43667             1.11158
 132000000.00000            0.44000             1.11359
 133000000.00000            0.44333             1.11563
 134000000.00000            0.44667             1.11769
 135000000.00000            0.45000             1.11979
 136000000.00000            0.45333             1.12191
 137000000.00000            0.45667             1.12405
 138000000.00000            0.46000             1.12623
 139000000.00000            0.46333             1.12843
 140000000.00000            0.46667             1.13067
 141000000.00000            0.47000             1.13293
 142000000.00000            0.47333             1.13522
 143000000.00000            0.47667             1.13755
 144000000.00000            0.48000             1.13990
 145000000.00000            0.48333             1.14229
 146000000.00000            0.48667             1.14470
 147000000.00000            0.49000             1.14715
 148000000.00000            0.49333             1.14964
 149000000.00000            0.49667             1.15215
 150000000.00000            0.50000             1.15470
 151000000.00000            0.50333             1.15728
 152000000.00000            0.50667             1.15990
 153000000.00000            0.51000             1.16255
 154000000.00000            0.51333             1.16524
 155000000.00000            0.51667             1.16797
 156000000.00000            0.52000             1.17073
 157000000.00000            0.52333             1.17353
 158000000.00000            0.52667             1.17637
 159000000.00000            0.53000             1.17925
 160000000.00000            0.53333             1.18217
 161000000.00000            0.53667             1.18512
 162000000.00000            0.54000             1.18812
 163000000.00000            0.54333             1.19116
 164000000.00000            0.54667             1.19424
 165000000.00000            0.55000             1.19737
 166000000.00000            0.55333             1.20054
 167000000.00000            0.55667             1.20375
 168000000.00000            0.56000             1.20701
 169000000.00000            0.56333             1.21032
 170000000.00000            0.56667             1.21367
 171000000.00000            0.57000             1.21707
 172000000.00000            0.57333             1.22052
 173000000.00000            0.57667             1.22402
 174000000.00000            0.58000             1.22757
 175000000.00000            0.58333             1.23117
 176000000.00000            0.58667             1.23483
 177000000.00000            0.59000             1.23854
 178000000.00000            0.59333             1.24230
 179000000.00000            0.59667             1.24612
 180000000.00000            0.60000             1.25000
 181000000.00000            0.60333             1.25394
 182000000.00000            0.60667             1.25793
 183000000.00000            0.61000             1.26199
 184000000.00000            0.61333             1.26610
 185000000.00000            0.61667             1.27029
 186000000.00000            0.62000             1.27453
 187000000.00000            0.62333             1.27884
 188000000.00000            0.62667             1.28322
 189000000.00000            0.63000             1.28767
 190000000.00000            0.63333             1.29219
 191000000.00000            0.63667             1.29678
 192000000.00000            0.64000             1.30145
 193000000.00000            0.64333             1.30619
 194000000.00000            0.64667             1.31101
 195000000.00000            0.65000             1.31590
 196000000.00000            0.65333             1.32088
 197000000.00000            0.65667             1.32594
 198000000.00000            0.66000             1.33109
 199000000.00000            0.66333             1.33632
 200000000.00000            0.66667             1.34164
 201000000.00000            0.67000             1.34705
 202000000.00000            0.67333             1.35256
 203000000.00000            0.67667             1.35816
 204000000.00000            0.68000             1.36386
 205000000.00000            0.68333             1.36966
 206000000.00000            0.68667             1.37557
 207000000.00000            0.69000             1.38158
 208000000.00000            0.69333             1.38770
 209000000.00000            0.69667             1.39393
 210000000.00000            0.70000             1.40028
 211000000.00000            0.70333             1.40675
 212000000.00000            0.70667             1.41333
 213000000.00000            0.71000             1.42005
 214000000.00000            0.71333             1.42689
 215000000.00000            0.71667             1.43386
 216000000.00000            0.72000             1.44098
 217000000.00000            0.72333             1.44823
 218000000.00000            0.72667             1.45562
 219000000.00000            0.73000             1.46317
 220000000.00000            0.73333             1.47087
 221000000.00000            0.73667             1.47873
 222000000.00000            0.74000             1.48675
 223000000.00000            0.74333             1.49494
 224000000.00000            0.74667             1.50331
 225000000.00000            0.75000             1.51186
 226000000.00000            0.75333             1.52059
 227000000.00000            0.75667             1.52952
 228000000.00000            0.76000             1.53864
 229000000.00000            0.76333             1.54798
 230000000.00000            0.76667             1.55752
 231000000.00000            0.77000             1.56729
 232000000.00000            0.77333             1.57729
 233000000.00000            0.77667             1.58752
 234000000.00000            0.78000             1.59801
 235000000.00000            0.78333             1.60875
 236000000.00000            0.78667             1.61975
 237000000.00000            0.79000             1.63104
 238000000.00000            0.79333             1.64261
 239000000.00000            0.79667             1.65448
 240000000.00000            0.80000             1.66667
 241000000.00000            0.80333             1.67918
 242000000.00000            0.80667             1.69203
 243000000.00000            0.81000             1.70523
 244000000.00000            0.81333             1.71881
 245000000.00000            0.81667             1.73277
 246000000.00000            0.82000             1.74714
 247000000.00000            0.82333             1.76193
 248000000.00000            0.82667             1.77717
 249000000.00000            0.83000             1.79287
 250000000.00000            0.83333             1.80907
 251000000.00000            0.83667             1.82578
 252000000.00000            0.84000             1.84302
 253000000.00000            0.84333             1.86084
 254000000.00000            0.84667             1.87926
 255000000.00000            0.85000             1.89832
 256000000.00000            0.85333             1.91804
 257000000.00000            0.85667             1.93847
 258000000.00000            0.86000             1.95965
 259000000.00000            0.86333             1.98163
 260000000.00000            0.86667             2.00446
 261000000.00000            0.87000             2.02818
 262000000.00000            0.87333             2.05287
 263000000.00000            0.87667             2.07858
 264000000.00000            0.88000             2.10538
 265000000.00000            0.88333             2.13335
 266000000.00000            0.88667             2.16259
 267000000.00000            0.89000             2.19317
 268000000.00000            0.89333             2.22522
 269000000.00000            0.89667             2.25883
 270000000.00000            0.90000             2.29416
 271000000.00000            0.90333             2.33133
 272000000.00000            0.90667             2.37052
 273000000.00000            0.91000             2.41192
 274000000.00000            0.91333             2.45572
 275000000.00000            0.91667             2.50217
 276000000.00000            0.92000             2.55155
 277000000.00000            0.92333             2.60417
 278000000.00000            0.92667             2.66039
 279000000.00000            0.93000             2.72065
 280000000.00000            0.93333             2.78543
 281000000.00000            0.93667             2.85533
 282000000.00000            0.94000             2.93105
 283000000.00000            0.94333             3.01344
 284000000.00000            0.94667             3.10352
 285000000.00000            0.95000             3.20256
 286000000.00000            0.95333             3.31214
 287000000.00000            0.95667             3.43424
 288000000.00000            0.96000             3.57143
 289000000.00000            0.96333             3.72707
 290000000.00000            0.96667             3.90567
 291000000.00000            0.97000             4.11345
 292000000.00000            0.97333             4.35929
 293000000.00000            0.97667             4.65634
 294000000.00000            0.98000             5.02519
 295000000.00000            0.98333             5.50019
 296000000.00000            0.98667             6.14424
 297000000.00000            0.99000             7.08881
 298000000.00000            0.99333             8.67472
 299000000.00000            0.99667            12.25767
